0, 622, 440, 445, 3, 898, 593, 539, 854, 297
622, 0, 915, 27, 480, 108, 458, 213, 884, 57
440, 915, 0, 934, 34, 682, 242, 219, 336, 370
445, 27, 934, 0, 380, 490, 90, 937, 147, 975
3, 480, 34, 380, 0, 424, 573, 729, 640, 301
898, 108, 682, 490, 424, 0, 568, 931, 743, 82
593, 458, 242, 90, 573, 568, 0, 164, 75, 676
539, 213, 219, 937, 729, 931, 164, 0, 298, 158
854, 884, 336, 147, 640, 743, 75, 298, 0, 323
297, 57, 370, 975, 301, 82, 676, 158, 323, 0
